5 1 1   0.0500 0.1000 90.000		!F-F-F Theta0 
5 1 2   0.1000 0.1000 90.000		!F-F-F 1st force constant (25.0)
5 1 3   0.0100 50.000 0.0100		!F-F-F 2nd force constant (1.00)
5 1 5   0.0100 0.0100 30.000		!F-F-F undercoordination (1.00)
5 1 7   0.0500 0.0010 4.0000		!F-F-F Energy/bond order (1.25)
2 1 1   0.001   1.000  1.200            !F rsigma
3 1 1   0.001   100.0  150.0            !F Esigma
3 1 4   0.001   -1.00  1.000            !
3 1 8   0.001   0.001  1.000            !
3 1 9   0.001   0.001  1.000            !
3 1 13  0.001  -0.001 -1.000            !
3 1 14  0.001  12.000  3.000            !
2 1 30  0.01    1.3    1.7  	        !F rcore2
2 1 31  0.01    1.5    2.3              !F ecore2
2 1 32  0.01    10.0   15.0        	!F acore2
2 1 4   0.01    1.0    2.5
2 1 5   0.01    0.01   0.40
2 1 9   0.1     9.0    12.0
